39|Drawer Black|65|45.00|1.00000000000000000000|45.00000000000000000000
39|Drawer Case Black|66|45.00|1.00000000000000000000|45.00000000000000000000
54|Table Leg|56|0|4.00000000000000000000|0.00000000000000000000
54|Bolt|57|0|4.00000000000000000000|0.00000000000000000000
54|Screw|58|0|10.00000000000000000000|0.00000000000000000000
54|Table Top|55|5.00|1.00000000000000000000|5.00000000000000000000
55|Wood Panel|62|48.00|2.00000000000000000000|24.00000000000000000000
62|Ply Layer|59|20.00|3.00000000000000000000|6.66666666666666666667
62|Wear Layer|60|30.00|1.00000000000000000000|30.00000000000000000000
63|Ply Veneer|61|0|1.00000000000000000000|0.00000000000000000000
64|Bolt|57|0|4.00000000000000000000|0.00000000000000000000
64|Wood Panel|62|48.00|1.00000000000000000000|48.00000000000000000000
8|Corner Desk Left Sit|32|0.00|1.00000000000000000000|0.00000000000000000000
8|Drawer Black|33|0|1.00000000000000000000|0.00000000000000000000
8|Office Chair Black|31|7.00|1.00000000000000000000|7.00000000000000000000
